267,332
267,327
267,324
267,53
267,47
267,39
267,6
267,4
267,3
267,2
267,1
267,0
265,7
265,4
265,3
260,10
260,3
256,5
256,4
256,3
255,7
255,4
255,3
255,2
255,1
254,10
254,9
254,7
254,6
254,5
254,4
254,3
254,1
253,83
253,4
245,1089
245,1088
245,1075
245,1074
245,1073
245,1072
245,1071
245,1070
245,1069
245,1068
245,1067
245,1060
245,1059
245,1053
245,1052
245,1051
245,1050
245,1034
245,1033
245,1029
245,814
245,641
245,640
245,627
245,626
245,625
245,624
245,623
245,622
245,621
245,620
245,619
245,612
245,611
245,605
245,604
245,603
245,602
245,584
245,582
245,491
245,490
245,349
245,348
245,347
245,346
245,345
245,344
245,343
245,340
245,339
245,337
245,336
245,317
245,316
245,303
245,302
245,299
245,298
245,263
245,262
245,259
245,257
245,253
245,43
245,42
245,13
245,12
245,6
245,4
245,3
245,2
4,3
2,7
1,3
0,310
0,305
0,308
0,304
0,303
0,302
0,307
0,12
0,443
0,10
0,8
0,348
0,300
0,430
0,299
0,429
0,298
0,347
0,297
0,424
0,296
0,423
0,295
0,420
0,294
0,413
0,293
0,412
0,292
0,346
0,291
0,343
0,290
0,408
0,289
0,407
0,288
0,342
0,287
0,406
0,286
0,405
0,285
0,404
0,284
0,402
0,283
0,401
0,282
0,345
0,281
0,364
0,280
0,479
0,279
0,356
0,278
0,475
0,277
0,363
0,276
0,499
0,275
267,368
267,369
267,372
267,374
267,396
267,430
267,446
267,458
267,463
267,520
267,548
267,583
267,603
267,609
267,618
267,628
267,653
267,656
267,670
267,681
267,691
267,701
267,714
267,723
267,736
267,748
267,766
267,769
267,781
267,788
267,802
267,841
267,842
267,859
267,865
267,877
267,883
267,892
267,899
267,928
267,965
267,966
267,977
267,985
267,987
267,996
267,1000
267,1008
267,1015
267,1020
267,1027
267,1032
267,1039
267,1048
267,1052
267,1060
267,1061
267,1074
267,1075
267,1082
267,1154
267,1158
267,1165
267,1221
267,1228
267,1234
267,1240
267,1247
267,1254
267,1260
267,1263
267,1270
267,1280
267,1283
267,1290
267,1293
267,1298
267,1303
267,1306
267,1310
267,1314
267,1319
267,1320
267,1325
267,1332
267,1333
267,1338
267,1341
267,1346
267,1350
267,1353
267,1358
267,1361
267,1366
267,1370
267,1373
267,1378
267,1380
267,1386
267,1388
267,1408
267,1412
267,1415
267,1421
267,1423
267,1429
267,1433
267,1437
267,1441
267,1442
267,1449
267,1450
267,1456
267,1462
267,1463
267,1468
267,1472
267,1475
267,1480
267,1483
267,1488
267,1491
267,1496
267,1498
267,1504
267,1509
267,1510
267,1515
267,1519
267,1523
267,1528
267,1532
267,1536
267,1539
267,1544
267,1546
267,1551
267,1556
267,1559
267,1565
267,1566
267,1572
267,1576
267,1579
267,1584
267,1586
267,1591
267,1596
267,1599
267,1605
267,1608
267,1613
267,1614
267,1618
267,1625
267,1627
267,1632
267,1634
267,1640
267,1644
267,1647
267,1652
267,1654
267,1660
267,1661
267,1668
267,1672
267,1673
267,1679
267,1683
267,1686
267,1692
267,1695
267,1700
267,1703
267,1708
267,1711
267,1715
267,1720
267,1721
267,1727
267,1729
267,1735
267,1740
267,1742
267,1747
267,1750
267,1755
267,1759
267,1762
267,1768
267,1771
267,1776
267,1778
267,1781
267,1789
267,1791
267,1794
267,1797
267,1802
267,1807
267,1810
267,1815
267,1818
267,1823
267,1824
267,1831
267,1836
267,1838
267,1843
267,1844
267,1848
267,1850
267,1851
267,1854
267,1856
267,1859
267,1861
267,1864
267,1867
267,1868
267,1872
267,1873
267,1876
267,1881
267,1882
267,1885
267,1886
267,1889
267,1891
267,1895
267,1897
267,1899
267,1902
267,1905
267,1908
267,1910
267,1912
267,1914
267,1916
267,1919
267,1924
267,1925
267,1928
267,1930
267,1933
267,1935
267,1938
267,1941
267,1942
267,1944
267,1946
267,1950
267,1954
267,1955
267,1958
267,1960
267,1963
267,1964
267,1967
267,1970
267,1972
267,1976
267,1977
267,1980
267,1983
267,1985
267,1988
267,1990
267,1992
267,1995
267,1997
267,2000
267,2002
267,2005
267,2007
267,2011
267,2014
267,2015
267,2018
267,2020
267,2022
267,2025
267,2027
267,2031
267,2032
267,2035
267,2037
267,2040
267,2043
267,2045
267,2049
267,2050
267,2053
267,2056
267,2058
267,2061
267,2063
267,2066
267,2067
267,2071
267,2074
267,2075
267,2079
267,2081
267,2083
267,2086
267,2088
267,2091
267,2094
267,2097
267,2098
267,2101
267,2104
267,2105
267,2108
267,2110
267,2114
267,2117
267,2119
267,2121
267,2123
267,2126
267,2129
267,2132
267,2135
267,2136
267,2140
267,2141
267,2144
267,2147
267,2148
267,2152
267,2153
267,2157
267,2160
267,2162
267,2165
267,2166
267,2169
267,2171
267,2175
267,2178
267,2179
267,2182
267,2184
267,2187
267,2190
267,2192
267,2195
267,2197
267,2199
267,2201
267,2204
267,2208
267,2209
267,2212
267,2213
267,2217
267,2220
267,2221
267,2224
267,2226
267,2229
267,2232
267,2235
267,2237
267,2239
267,2242
267,2244
267,2247
267,2250
267,2251
267,2254
267,2256
267,2259
267,2262
267,2265
267,2267
267,2270
267,2273
267,2275
267,2278
267,2281
267,2282
267,2285
267,2286
267,2290
267,2293
267,2295
267,2298
267,2300
267,2302
267,2304
267,2307
267,2310
267,2312
267,2315
267,2317
267,2319
267,2324
267,2325
267,2328
267,2330
267,2333
267,2334
267,2338
267,2341
267,2343
267,2345
267,2346
267,2350
267,2353
267,2354
267,2359
267,2360
267,2363
267,2366
267,2367
267,2371
267,2372
267,2375
267,2377
267,2380
267,2383
267,2384
267,2387
267,2390
267,2393
267,2397
267,2398
267,2401
267,2402
267,2405
267,2406
267,2410
267,2414
267,2416
267,2418
267,2419
267,2422
267,2425
267,2427
267,2431
267,2433
267,2436
267,2437
267,2440
267,2444
267,2445
267,2448
267,2450
267,2453
267,2456
267,2458
267,2462
267,2463
267,2466
267,2468
267,2471
267,2474
267,2476
267,2478
267,2479
267,2483
267,2487
267,2488
267,2491
267,2492
267,2495
267,2500
267,2501
267,2504
267,2505
267,2508
267,2510
267,2513
267,2516
267,2517
267,2521
267,2522
267,2526
267,2529
267,2531
267,2533
267,2535
267,2538
267,2540
267,2543
267,2546
267,2548
267,2551
267,2553
267,2556
267,2559
267,2560
267,2563
267,2566
267,2569
267,2571
267,2574
267,2577
267,2578
267,2581
267,2583
267,2586
267,2589
267,2590
267,2594
267,2596
267,2598
267,2602
267,2604
267,2607
267,2609
267,2612
267,2613
267,2616
267,2619
267,2620
267,2624
267,2625
267,2628
267,2631
267,2634
267,2636
267,2638
267,2641
267,2643
267,2647
267,2650
267,2652
267,2654
267,2655
267,2659
267,2662
267,2664
267,2667
267,2668
267,2671
267,2673
267,2676
267,2680
267,2681
267,2684
267,2686
267,2689
267,2692
267,2693
267,2697
267,2698
267,2702
267,2704
267,2707
267,2710
267,2712
267,2714
267,2716
267,2719
267,2722
267,2723
267,2728
267,2729
267,2731
267,2735
267,2737
267,2739
267,2741
267,2745
267,2747
267,2750
267,2753
267,2755
267,2758
267,2759
267,2762
267,2766
267,2767
267,2770
267,2772
267,2775
267,2777
267,2779
267,2782
267,2784
267,2787
267,2788
267,2792
267,2795
267,2796
267,2801
267,2802
267,2806
267,2807
267,2809
267,2813
267,2815
267,2818
267,2819
267,2823
267,2825
267,2828
267,2831
267,2832
267,2835
267,2838
267,2839
267,2844
267,2845
267,2848
267,2850
267,2853
267,2856
267,2858
267,2861
267,2862
267,2864
267,2868
267,2870
267,2873
267,2874
267,2877
267,2879
267,2883
267,2886
267,2887
267,2891
267,2892
267,2895
267,2898
267,2899
267,2902
267,2904
267,2908
267,2910
267,2913
267,2916
267,2918
267,2920
267,2922
267,2925
267,2928
267,2930
267,2933
267,2934
267,2938
267,2941
267,2943
267,2946
267,2948
267,2951
267,2953
267,2955
267,2959
267,2960
267,2963
267,2965
267,2968
267,2971
267,2973
267,2976
267,2978
267,2981
267,2983
267,2986
267,2989
267,2990
267,2993
267,2996
267,2999
267,3001
267,3003
267,3006
267,3007
267,3010
267,3012
267,3015
267,3018
267,3020
267,3023
267,3025
267,3028
267,3031
267,3033
267,3036
267,3038
267,3041
267,3042
267,3046
267,3049
267,3051
267,3054
267,3055
267,3059
267,3062
267,3064
267,3067
267,3068
267,3071
267,3075
267,3076
267,3079
267,3081
267,3084
267,3085
267,3089
267,3092
267,3093
267,3097
267,3098
267,3101
267,3105
267,3106
267,3109
267,3111
267,3114
267,3116
267,3118
267,3122
267,3124
267,3127
267,3129
267,3131
267,3134
267,3136
267,3139
267,3140
267,3144
267,3145
267,3148
267,3152
267,3153
267,3157
267,3158
267,3161
267,3165
267,3166
267,3169
267,3171
267,3175
267,3177
267,3179
267,3182
267,3184
267,3188
267,3189
267,3192
267,3195
267,3196
267,3199
267,3202
267,3204
267,3207
267,3209
267,3212
267,3214
267,3217
267,3219
267,3222
267,3225
267,3227
267,3230
267,3232
267,3235
267,3237
267,3239
267,3242
267,3244
267,3247
267,3249
267,3252
267,3255
267,3257
267,3259
267,3261
267,3264
267,3268
267,3270
267,3273
267,3275
267,3277
267,3278
267,3283
267,3286
267,3287
267,3289
267,3291
267,3295
267,3297
267,3299
267,3303
267,3305
267,3308
267,3311
267,3313
267,3315
267,3317
267,3319
267,3321
267,3325
267,3327
267,3329
267,3333
267,3334
267,3337
267,3340
267,3342
267,3346
267,3347
267,3350
267,3352
267,3354
267,3357
267,3359
267,3362
267,3365
267,3368
267,3371
267,3372
267,3376
267,3377
267,3380
267,3382
267,3385
267,3389
267,3390
267,3393
267,3395
267,3398
267,3401
267,3402
267,3405
267,3407
267,3410
267,3413
267,3414
267,3418
267,3420
267,3423
267,3424
267,3428
267,3431
267,3433
267,3436
267,3437
267,3441
267,3444
267,3445
267,3449
267,3450
267,3453
267,3455
267,3457
267,3460
267,3462
267,3522
267,3524
267,3584
267,3648
267,3649
267,3653
267,3654
267,3657
267,3659
267,3662
267,3665
267,3667
267,3670
267,3671
267,3674
267,3677
267,3678
267,3682
267,3683
267,3686
267,3688
267,3691
267,3694
267,3696
267,3699
267,3701
267,3704
267,3707
267,3709
267,3712
267,3713
267,3717
267,3720
267,3721
267,3724
267,3726
267,3729
267,3731
267,3734
267,3737
267,3739
267,3742
267,3743
267,3747
267,3750
267,3751
267,3755
267,3756
267,3759
267,3761
267,3764
267,3767
267,3769
267,3772
267,3774
267,3777
267,3780
267,3782
267,3785
267,3786
267,3789
267,3791
267,3794
267,3797
267,3799
267,3802
267,3804
267,3807
267,3810
267,3812
267,3815
267,3816
267,3820
267,3823
267,3824
267,3827
267,3829
267,3832
267,3834
267,3837
267,3840
267,3842
267,3845
267,3846
267,3850
267,3853
267,3854
267,3858
267,3859
267,3862
267,3864
267,3866
268,1
268,2
269,0
269,2
270,1
270,4
271,0
271,3
271,5
271,8
271,9
275,0
275,3
275,4
276,0
276,1
276,3
276,5
276,6
276,8
276,9
276,11
276,13
276,14
276,16
276,17
276,19
276,20
276,22
276,24
276,25
276,27
276,28
276,30
276,32
276,33
276,35
276,36
276,38
276,39
276,41
276,43
276,44
276,46
276,47
276,49
276,51
276,52
276,54
276,55
276,57
276,58
276,60
276,65
276,66
276,68
276,69
276,71
276,73
276,74
276,76
276,77
276,79
276,80
276,82
276,84
276,85
276,87
276,88
276,90
276,92
276,93
276,95
276,96
276,98
276,100
276,101
276,103
276,104
276,106
276,107
276,109
276,111
276,112
276,114
276,115
276,117
276,119
276,120
276,122
276,123
276,125
276,126
276,128
276,130
276,131
276,133
276,134
276,136
276,138
276,139
276,141
276,142
276,144
276,145
276,147
276,149
276,150
276,152
276,153
276,155
276,157
276,158
276,160
276,161
276,163
276,165
276,166
276,168
276,169
276,171
276,172
276,174
276,176
276,177
276,179
276,180
276,182
278,0
278,1
278,3
278,4
278,6
278,7
278,9
278,11
278,12
278,14
278,15
278,17
278,19
278,20
278,22
278,23
278,25
278,26
278,28
278,30
278,31
278,33
278,34
278,36
278,38
278,39
278,41
278,42
278,44
278,45
278,47
278,49
278,50
278,52
278,64
278,66
278,68
278,69
278,71
278,72
278,74
278,76
278,77
278,79
278,80
278,82
278,83
278,85
278,87
278,88
278,90
278,91
278,93
278,95
278,96
278,98
278,99
278,101
278,102
278,104
278,106
278,107
278,109
278,110
278,112
278,114
278,115
278,117
278,118
278,120
278,121
278,123
278,125
278,126
278,128
278,129
278,131
278,133
278,134
278,136
278,137
278,139
278,141
278,142
278,144
278,145
278,147
278,148
278,150
2,6
268,3
2,8
232,3
245,252
245,255
245,258
245,261
245,581
245,586
245,583
245,1030
245,1032
267,231
267,326
267,346
267,367
267,371
267,373
267,377
267,387
267,393
267,395
267,419
267,425
267,431
267,434
267,436
267,445
267,448
267,449
267,453
267,459
267,461
267,462
267,492
267,495
267,497
267,521
267,522
267,547
267,559
267,562
267,570
267,571
267,588
267,600
267,601
267,604
267,605
267,607
267,611
267,616
267,625
267,626
267,632
267,634
267,645
267,648
267,649
267,655
267,657
267,660
267,665
267,669
267,672
267,673
267,680
267,682
267,684
267,687
267,693
267,695
267,696
267,703
267,705
267,711
267,717
267,718
267,722
267,724
267,731
267,733
267,735
267,738
267,739
267,749
267,755
267,757
267,765
267,767
267,770
267,771
267,774
267,776
267,777
267,783
267,789
267,797
267,800
267,806
267,810
267,828
267,898
267,919
267,926
267,935
267,936
267,963
267,964
267,975
267,979
267,988
267,991
267,992
267,995
267,999
267,1007
267,1017
267,1018
267,1025
267,1028
267,1038
267,1062
267,1063
267,1067
267,1070
267,1080
267,1084
267,1085
267,1087
267,1152
267,1155
267,1156
267,1160
267,1162
267,1164
267,1217
267,1220
267,1223
267,1226
267,1227
267,1231
267,1232
267,1252
267,1256
267,1258
267,1269
267,1287
267,1328
267,1329
267,1351
267,1359
267,1360
267,1365
267,1387
267,1390
267,1409
267,1436
267,1455
267,1460
267,1466
267,1476
267,1518
267,1521
267,1526
267,1531
267,1547
267,1552
267,1557
267,1573
267,1578
267,1580
267,1582
267,1601
267,1604
267,1616
267,1619
267,1623
267,1624
267,1628
267,1631
267,1636
267,1645
267,1646
267,1650
267,1651
267,1658
267,1663
267,1665
267,1667
267,1670
267,1674
267,1681
267,1682
267,1689
267,1693
267,1697
267,1698
267,1702
267,1709
267,1710
267,1714
267,1718
267,1722
267,1725
267,1726
267,1733
267,1741
267,1753
267,1756
267,1773
267,1775
267,1785
267,1788
267,1790
267,1800
267,1809
267,1811
267,1814
267,1816
267,1820
267,1825
267,1826
267,1830
267,1832
267,1835
267,1837
267,1842
267,1847
267,1855
267,1860
267,1863
267,1869
267,1874
267,1878
267,1884
267,1887
267,1903
267,1907
267,1923
267,1937
267,1947
267,1956
267,1959
267,1975
267,1982
267,1984
267,1999
267,2006
267,2013
267,2016
267,2023
267,2029
267,2033
267,2038
267,2041
267,2051
267,2057
267,2060
267,2065
267,2068
267,2080
267,2084
267,2089
267,2096
267,2102
267,2109
267,2112
267,2118
267,2127
267,2130
267,2149
267,2151
267,2159
267,2172
267,2183
267,2188
267,2191
267,2196
267,2202
267,2214
267,2225
267,2228
267,2234
267,2238
267,2243
267,2261
267,2264
267,2272
267,2274
267,2280
267,2289
267,2294
267,2299
267,2303
267,2320
267,2322
267,2332
267,2349
267,2352
267,2365
267,2369
267,2385
267,2388
267,2395
267,2408
267,2411
267,2420
267,2430
267,2435
267,2447
267,2449
267,2459
267,2461
267,2480
267,2499
267,2502
267,2512
267,2520
267,2530
267,2534
267,2554
267,2561
267,2564
267,2575
267,2585
267,2593
267,2611
267,2614
267,2621
267,2632
267,2646
267,2656
267,2666
267,2674
267,2679
267,2685
267,2687
267,2694
267,2711
267,2715
267,2720
267,2724
267,2734
267,2740
267,2749
267,2754
267,2757
267,2771
267,2774
267,2783
267,2803
267,2805
267,2814
267,2827
267,2834
267,2837
267,2846
267,2851
267,2854
267,2869
267,2871
267,2878
267,2894
267,2900
267,2909
267,2912
267,2917
267,2924
267,2926
267,2932
267,2937
267,2944
267,2975
267,2995
267,3021
267,3040
267,3047
267,3056
267,3080
267,3088
267,3095
267,3107
267,3113
267,3125
267,3128
267,3141
267,3146
267,3151
267,3160
267,3168
267,3174
267,3183
267,3187
267,3193
267,3198
267,3205
267,3208
267,3213
267,3218
267,3224
267,3238
267,3241
267,3254
267,3260
267,3263
267,3271
267,3274
267,3281
267,3290
267,3294
267,3304
267,3307
267,3316
267,3322
267,3330
267,3339
267,3341
267,3349
267,3351
267,3358
267,3364
267,3367
267,3374
267,3378
267,3386
267,3388
267,3394
267,3400
267,3403
267,3408
267,3411
267,3417
267,3425
267,3427
267,3435
267,3438
267,3443
267,3446
267,3451
267,3650
267,3652
267,3658
267,3660
267,3666
267,3673
267,3676
267,3681
267,3684
267,3692
267,3708
267,3711
267,3719
267,3722
267,3727
267,3730
267,3735
267,3741
267,3746
267,3757
267,3763
267,3776
267,3781
267,3784
267,3790
267,3792
267,3803
267,3809
267,3814
267,3819
267,3822
267,3828
267,3830
267,3836
267,3841
267,3844
267,3849
267,3852
267,3857
267,3860
270,5
265,6
253,3
262,3
246,3
2,5
261,3
263,3
251,4
253,30
253,31
253,44
258,4
260,5
260,6
260,8
260,9
261,4
263,4
267,43
267,48
267,59
267,835
267,843
267,854
267,866
267,871
267,884
267,887
267,862
271,4
271,7
253,6
253,7
253,9
253,11
253,12
253,14
253,15
253,17
253,18
253,20
253,22
253,23
253,25
253,26
253,28
253,34
253,35
253,37
253,38
253,40
253,41
253,65
253,67
253,68
253,70
253,71
253,73
253,75
253,76
253,78
253,79
253,81
253,84
255,5
263,8
263,9
263,11
263,12
265,5
267,8
267,9
267,11
267,12
267,14
267,16
267,17
267,19
267,20
267,22
267,23
267,25
267,27
267,28
267,30
267,31
267,33
267,35
267,36
267,38
267,64
267,66
267,67
267,69
267,71
267,72
267,74
267,75
267,77
267,79
267,80
267,82
267,83
267,85
267,86
267,88
267,90
267,91
267,93
267,94
267,96
267,98
267,99
267,101
267,102
267,104
267,106
267,107
267,109
267,110
267,112
267,113
267,115
267,117
267,118
267,120
267,121
267,123
267,125
267,126
267,128
267,129
267,131
267,132
267,134
267,136
267,137
267,139
267,140
267,142
267,144
267,145
267,147
267,148
267,150
267,151
267,153
267,155
267,156
267,158
267,159
267,161
267,163
267,164
267,166
267,167
267,169
267,171
267,172
267,174
267,175
267,177
267,178
267,180
267,182
267,183
267,185
267,186
267,188
267,190
267,191
267,193
267,194
267,196
267,197
267,199
267,201
267,202
267,204
267,205
267,207
267,209
267,210
267,212
267,213
267,215
267,216
267,218
267,220
267,221
267,223
267,224
267,226
267,228
267,229
267,232
267,233
